0 0 TIDL_cast_in 
1 1 TIDL_cast_in_netFormat 
2 2 input 
3 3 465 
4 4 468 
5 5 2193 
6 6 473 
7 7 476 
8 8 2202 
9 9 481 
10 10 484 
11 11 2211 
12 12 487 
13 13 490 
14 14 493 
15 15 2220 
16 16 498 
17 17 501 
18 18 2229 
19 19 504 
20 20 507 
21 21 510 
22 22 2238 
23 23 513 
24 24 516 
25 25 519 
26 26 2247 
27 27 524 
28 28 527 
29 29 2256 
30 30 530 
31 31 533 
32 32 536 
33 33 2265 
34 34 539 
35 35 542 
36 36 545 
37 37 2274 
38 38 548 
39 39 551 
40 40 554 
41 41 2283 
42 42 559 
43 43 562 
44 44 2292 
45 45 565 
46 46 568 
47 47 571 
48 48 2301 
49 49 574 
50 50 577 
51 51 639 
52 52 635 
53 53 580 
54 54 640 
55 55 636 
56 56 2310 
57 57 585 
58 58 588 
59 59 2319 
60 60 591 
61 61 594 
62 62 597 
63 63 2328 
64 64 600 
65 65 603 
66 66 606 
67 67 2337 
68 68 611 
69 69 647 
70 70 643 
71 71 614 
72 72 648 
73 73 644 
74 74 617 
75 75 655 
76 76 651 
77 77 620 
78 78 656 
79 79 652 
80 80 623 
81 81 663 
82 82 659 
83 83 626 
84 84 664 
85 85 660 
86 86 629 
87 87 671 
88 88 667 
89 89 632 
90 90 672 
91 91 668 
92 92 679 
93 93 675 
94 94 680 
95 95 676 
96 96 dets_det 
97 97 dets 
98 98 labels 
99 0 TIDL_cast_in 
100 0 TIDL_cast_in 
