1
455
0
1
2
3
4
5
6
7
8
9
10
11
12
13
14
15
16
17
18
19
20
21
22
23
24
25
26
27
28
29
30
31
32
33
34
35
36
37
38
39
40
41
42
43
44
45
46
47
48
49
50
51
52
53
54
55
56
57
58
59
60
61
62
63
64
65
66
67
68
69
70
71
72
73
74
75
76
114
117
77
115
118
78
116
119
79
150
153
80
151
154
81
152
155
82
156
157
158
159
83
160
161
162
163
84
168
169
164
166
85
165
167
86
170
172
87
171
174
173
175
88
176
178
177
179
89
180
182
181
183
90
184
186
185
187
91
188
190
189
191
92
192
93
193
94
95
96
97
98
120
123
99
121
124
100
122
125
101
194
197
102
126
129
195
198
103
127
130
196
199
104
128
131
200
201
202
203
105
238
241
204
205
206
207
106
132
135
239
242
212
213
208
210
107
133
136
240
243
209
211
108
134
137
244
245
246
247
214
216
109
282
285
248
249
250
251
215
218
217
219
110
138
141
283
286
256
257
252
254
220
222
221
223
111
139
142
284
287
253
255
224
226
225
227
112
140
143
288
289
290
291
258
260
228
230
229
231
113
326
329
292
293
294
295
259
262
261
263
232
234
233
235
144
147
327
330
300
301
296
298
264
266
265
267
236
145
148
328
331
297
299
268
270
269
271
237
146
149
332
333
334
335
302
304
272
274
273
275
370
373
336
337
338
339
303
306
305
307
276
278
277
279
371
374
344
345
340
342
308
310
309
311
280
372
375
341
343
312
314
313
315
281
415
376
377
378
379
346
348
316
318
317
319
416
380
381
382
383
347
350
349
351
320
322
321
323
417
388
389
384
386
352
354
353
355
324
422
385
387
356
358
357
359
325
390
392
360
362
361
363
391
394
393
395
364
366
365
367
396
398
397
399
368
400
402
401
403
369
404
406
405
407
408
410
409
411
412
413
414
418
423
419
420
421
424
426
425
427
428
429
430
432
431
433
434
441
435
436
438
437
439
440
442
443
444
445
446
447
450
451
448
452
449
453
454
